True Anomalies // Analytic Anomaly// AD Anomaly

[0.16138829 0.36461025 0.34408662]  //  [0.17612889 0.30777156 0.26452026]  //  [0.17709824 0.30604666 0.2632364 ]

[0.2868737  0.10348585 0.01020397]  //  [ 0.29649508  0.0737071  -0.02855099]  //  [ 0.29587156  0.07460257 -0.02967357]

[0.1        0.78545171 0.44871098]  //  [0.09399556 0.7916199  0.44980296]  //  [0.09428134 0.79105115 0.4494853 ]

[ 0.16997221 -0.37819561 -0.6892181 ]  //  [ 0.176623   -0.37388924 -0.67907637]  //  [ 0.176544   -0.37389311 -0.67914653]

[ 0.27730465  0.2785497  -0.215514  ]  //  [ 0.28743973  0.25224823 -0.22619794]  //  [ 0.28676429  0.25297514 -0.22803181]

[ 0.18876533 -0.17600466  0.78618836]  //  [ 0.18858264 -0.17773305  0.78042769]  //  [ 0.18855779 -0.17760789  0.78048944]

[0.45689937 0.03928027 0.22487664]  //  [-0.46426323  0.02431073  0.18777086]  //  [-0.46146321  0.02684222  0.20347479]

[0.31659311 0.03121041 0.2474332 ]  //  [0.32524323 0.00639539 0.20573105]  //  [0.32558244 0.00619496 0.20467529]

[ 0.43291709 -0.00537731  0.06094777]  //  [ 0.43791223 -0.01717504  0.04043112]  //  [ 0.43824938 -0.01726331  0.0410601 ]

[ 0.11018462 -0.72046769  0.16575569]  //  [ 0.12536146 -0.70184284  0.16836548]  //  [ 0.12574027 -0.70132405  0.16809946]

