Anomalies || Max_Error || Analytic || Opt-Analytic || AD: 
[0.16138829 0.36461025 0.34408662 1.57229137 0.71402055]0.006490916013717651 || [ 9.58322525 77.40856171  4.39015484]
[0.2868737  0.10348585 0.01020397 0.82809824 0.74558443]0.0032029151916503906 || [7.52366686 0.51686478 3.87545371]
[0.1        0.78545171 0.44871098 0.82973588 1.33588147]0.003821134567260742 || [7.46089458 0.51581979 3.87277675]
[ 0.16997221 -0.37819561 -0.6892181   0.89161086  1.22476304]0.0018863976001739502 || [7.55872679 0.51401234 3.87818575]
[ 0.27730465  0.2785497  -0.215514    1.45395231  1.30764937]0.003754831850528717 || [7.46235847 0.51378775 3.88992143]
[ 0.18876533 -0.17600466  0.78618836  1.57559252  1.15926135]0.0014159679412841797 || [7.62874222 0.52665591 3.90256071]
[0.45689937 0.03928027 0.22487664 1.28658438 0.99007404]0.002480030059814453 || [7.4681406  0.51867151 3.91085553]
[0.31659311 0.03121041 0.2474332  1.23410487 1.49505246]0.00180816650390625 || [7.54113245 0.51393437 3.88551211]
[ 0.43291709 -0.00537731  0.06094777  1.17264891  1.41040659]0.0011742115020751953 || [7.74752331 0.51606536 3.885813  ]
[ 0.11018462 -0.72046769  0.16575569  1.22509933  0.82684189]0.005448341369628906 || [7.62640572 0.52510643 3.88788247]
Average Error = 0.0027768885095914206Average Times = [3.97199512 3.94983037 3.98364162 3.95535588 4.01931961 3.96588922
 3.98019298 4.04980055 4.01313154]