LM method for Radius and Center - Non-optimal Analytic!

Analytic Statistics: 

Measurement loss:
 [0.01569193 0.01581871 0.01604087 0.01594633 0.01593453 0.0162005
 0.01640083 0.01583447 0.0162013  0.0159133 ]

Average Measurement loss: 0.01599827650934458

 Time Elapsed: 
[154.64475203 152.96210623 151.43901062 151.02907276 153.27602673
 155.23567128 149.86370587 153.92168546 155.05064011 152.97538471]

 Average Time Elapsed: 153.0398055791855

 Anomaly loss: 
[[1.47406012e-02 5.68386912e-02 7.95663595e-02]
 [9.62138176e-03 2.97787413e-02 3.87549624e-02]
 [6.00444525e-03 6.16818666e-03 1.09198689e-03]
 [6.65079057e-03 4.30637598e-03 1.01417303e-02]
 [1.01350844e-02 2.63014734e-02 1.06839389e-02]
 [1.82688236e-04 1.72838569e-03 5.76066971e-03]
 [9.21162605e-01 1.49695463e-02 3.71057838e-02]
 [8.65012407e-03 2.48150229e-02 4.17021513e-02]
 [4.99513745e-03 1.17977373e-02 2.05166489e-02]
 [1.51768327e-02 1.86248422e-02 2.60978937e-03]]

 Average Anomaly Difference: [0.09973197 0.0195329  0.0247934 ]
 
 Auto-Diff Statistics: 

Measurement loss:
 [0.01567844 0.01580549 0.01600581 0.01593556 0.01591414 0.01620421
 0.01621303 0.01583957 0.01619877 0.0159213 ]



 Average Measurement loss: 0.015971631929278373

 Time Elapsed: 
[52.46569443 52.03226829 51.73529553 52.82277656 52.3245573  52.61343455
 52.02978849 52.23704076 51.73410225 52.418504  ]

 Average Time Elapsed: 52.241346216201784

 Anomaly loss: 
[[1.57099515e-02 5.85635900e-02 8.08502138e-02]
 [8.99785757e-03 2.88832709e-02 3.98775414e-02]
 [5.71866333e-03 5.59943914e-03 7.74323940e-04]
 [6.57178462e-03 4.30250168e-03 1.00715756e-02]
 [9.45964456e-03 2.55745649e-02 1.25178099e-02]
 [2.07543373e-04 1.60323083e-03 5.69891930e-03]
 [9.18362617e-01 1.24380570e-02 2.14018524e-02]
 [8.98933411e-03 2.50154473e-02 4.27579135e-02]
 [5.33229113e-03 1.18860062e-02 1.98876709e-02]
 [1.55556500e-02 1.91436410e-02 2.34377384e-03]]

 Average Anomaly Difference: [0.09949053 0.01930097 0.02361816]